
***2x2 REPORT
*Runtime= 404156.0
*DRAM reads= 4061246.0, 22845822.0, 2304104.0
*total DRAM reads= 29211172.0
*SRAM reads= 31484566.0, 22845822.0, 23531710.0
*total SRAM reads= 77862098.0
*Weighted Util:39.15
*Weighted Pod Util:98.48
*Per-layer info:
Runtimes=[18723.0, 14841.0, 14841.0, 14841.0, 14841.0, 5247.0, 9522.0, 612.0, 9522.0, 9522.0, 10404.0, 18936.0, 1216.0, 18936.0, 18936.0, 31104.0, 58752.0, 3568.0, 58752.0, 58752.0, 12288.0]
IFMAP_DRAM=[307776.0, 415744.0, 415744.0, 415744.0, 415744.0, 408576.0, 215040.0, 100352.0, 215040.0, 215040.0, 207872.0, 114688.0, 50176.0, 114688.0, 114688.0, 108544.0, 66560.0, 25088.0, 66560.0, 66560.0, 1022.0]
Filter_DRAM=[18816.0, 73728.0, 73728.0, 73728.0, 73728.0, 147456.0, 294912.0, 16384.0, 294912.0, 294912.0, 589824.0, 1179648.0, 65536.0, 1179648.0, 1179648.0, 2359296.0, 4718592.0, 262144.0, 4718592.0, 4718592.0, 511998.0]
OFMAP_DRAM=[774400.0, 186624.0, 186624.0, 186624.0, 186624.0, 100352.0, 86528.0, 107648.0, 86528.0, 86528.0, 50176.0, 36864.0, 57600.0, 36864.0, 36864.0, 25088.0, 12800.0, 32768.0, 12800.0, 12800.0, 1000.0]
IFMAP_SRAM=[3557400.0, 3359232.0, 3359232.0, 3359232.0, 3359232.0, 903168.0, 1557504.0, 107648.0, 1557504.0, 1557504.0, 903168.0, 1327104.0, 115200.0, 1327104.0, 1327104.0, 903168.0, 921600.0, 131072.0, 921600.0, 921600.0, 8190.0]
Filter_SRAM=[18816.0, 73728.0, 73728.0, 73728.0, 73728.0, 147456.0, 294912.0, 16384.0, 294912.0, 294912.0, 589824.0, 1179648.0, 65536.0, 1179648.0, 1179648.0, 2359296.0, 4718592.0, 262144.0, 4718592.0, 4718592.0, 511998.0]
OFMAP_SRAM=[2323200.0, 1679616.0, 1679616.0, 1679616.0, 1679616.0, 903168.0, 1557504.0, 107648.0, 1557504.0, 1557504.0, 903168.0, 1327104.0, 115200.0, 1327104.0, 1327104.0, 903168.0, 921600.0, 131072.0, 921600.0, 921600.0, 7998.0]

RT=[404156.0]
DRAMS=[29211172.0]
SRAMS=[77862098.0]
Batch Size:1

Elapsed Time=0:02:29.342004
